location   type   service time   et   lt   visit times   demand   available days
38 2 56 54 218 1 2 1 0 1 0 1 
36 2 52 62 171 2 2 1 0 0 1 1 
11 2 57 97 245 1 3 1 0 1 0 1 
133 2 59 149 378 1 1 1 0 0 1 0 
91 2 56 164 333 1 1 1 0 1 0 1 
68 2 47 190 364 3 1 1 0 1 1 1 
18 2 48 222 329 1 1 0 0 1 0 1 
93 2 54 242 452 3 1 1 0 1 1 1 
106 2 49 298 486 1 1 0 0 0 1 1 
31 2 58 311 492 1 2 0 0 1 1 0 
83 2 48 349 462 3 3 1 1 1 0 1 
47 2 60 370 548 2 1 0 1 1 0 1 
33 2 57 392 552 1 1 1 0 1 1 0 
127 2 41 438 586 1 3 1 0 0 0 1 
6 2 60 451 653 2 1 1 1 1 0 1 
75 2 46 506 634 1 1 0 0 1 0 1 
114 2 59 520 749 1 3 0 1 1 0 1 
78 2 46 564 727 1 1 0 0 1 1 0 
82 2 58 596 761 3 1 1 0 1 1 1 
70 2 44 609 745 2 2 1 1 1 0 1 
 94 1 0 0 1160 
 35 1 0 0 1160 
 105 1 0 0 1160 
 40 0 0 0 1160 
