location   type   service time   et   lt   visit times   demand   available days
98 2 54 41 173 3 1 1 1 1 0 1 
37 2 55 78 287 1 3 0 0 1 1 0 
73 2 53 93 303 1 1 1 1 0 0 1 
33 2 53 127 242 1 1 1 0 1 0 1 
83 2 46 152 312 1 1 1 1 0 0 0 
119 2 44 188 318 1 1 1 0 0 0 1 
117 2 49 219 388 2 1 1 0 1 0 1 
10 2 50 250 424 2 1 1 0 0 1 1 
21 2 43 280 398 1 1 1 0 1 0 1 
80 2 60 301 507 3 3 1 0 1 1 1 
116 2 51 356 551 1 1 0 1 1 0 1 
13 2 58 378 561 2 2 1 0 1 1 0 
15 2 57 413 574 1 1 1 1 0 0 1 
106 2 42 423 539 1 3 0 1 1 0 1 
138 2 53 463 603 3 3 1 1 1 0 1 
82 2 52 492 658 3 2 1 1 1 0 1 
14 2 58 539 681 1 2 0 0 1 1 0 
38 2 52 564 701 1 2 1 0 1 0 1 
55 2 47 584 748 1 1 1 1 1 0 0 
62 2 40 613 738 2 1 1 1 0 0 1 
 41 1 0 0 1160 
 68 1 0 0 1160 
 136 1 0 0 1160 
 102 0 0 0 1160 
