location   type   service time   et   lt   visit times   demand   available days
69 2 45 34 144 2 3 1 1 0 0 1 
118 2 60 80 200 3 1 1 1 1 0 1 
132 2 60 110 346 3 1 1 1 1 0 1 
119 2 49 146 295 1 1 1 0 0 0 1 
23 2 58 172 319 2 2 1 0 1 1 0 
78 2 56 192 322 1 2 0 1 1 0 1 
3 2 48 225 349 1 1 0 0 1 0 1 
122 2 50 265 420 1 1 0 0 1 1 0 
65 2 59 276 510 1 1 1 0 1 0 1 
19 2 59 305 529 1 3 1 0 1 0 0 
136 2 55 342 499 1 1 0 0 1 1 1 
64 2 48 376 538 1 1 1 0 1 0 0 
40 2 44 413 566 1 2 0 0 1 0 1 
26 2 53 427 548 1 3 1 0 1 1 0 
125 2 59 463 668 3 1 1 1 1 0 1 
137 2 45 497 668 1 1 1 0 1 0 0 
14 2 59 520 726 2 1 1 1 1 0 1 
62 2 47 545 720 3 1 1 0 1 1 1 
92 2 47 585 720 2 3 1 0 0 1 1 
112 2 46 617 743 1 2 0 0 1 0 1 
 94 1 0 0 1160 
 105 1 0 0 1160 
 9 1 0 0 1160 
 49 0 0 0 1160 
