location   type   service time   et   lt   visit times   demand   available days
6 2 52 42 149 3 2 1 1 1 0 1 
73 2 46 75 232 3 1 1 0 1 1 1 
129 2 49 100 260 2 1 1 1 1 0 1 
121 2 51 132 259 1 1 0 1 1 0 1 
49 2 49 167 325 2 1 1 0 0 1 1 
139 2 40 190 316 2 1 0 1 1 0 1 
28 2 46 212 373 2 1 1 0 1 1 1 
63 2 55 251 414 1 1 1 1 0 0 1 
66 2 58 276 503 1 1 1 1 1 0 0 
21 2 51 323 510 1 3 1 1 1 0 0 
4 2 45 343 440 1 1 1 0 1 1 0 
15 2 44 382 512 1 2 0 1 1 0 1 
100 2 49 391 501 3 2 1 0 1 1 1 
110 2 53 435 620 1 2 0 1 1 0 1 
72 2 59 452 637 1 3 1 0 1 0 0 
44 2 50 483 682 1 3 1 1 0 0 1 
56 2 45 518 648 1 3 1 0 1 0 1 
90 2 44 553 715 1 1 1 0 0 0 1 
33 2 54 581 762 3 1 1 1 1 0 1 
95 2 56 619 838 1 1 0 1 1 0 1 
 25 1 0 0 1160 
 116 1 0 0 1160 
 126 1 0 0 1160 
 19 0 0 0 1160 
