location   type   service time   et   lt   visit times   demand   available days
109 2 60 50 191 3 1 1 1 1 0 1 
0 2 48 76 254 1 3 1 1 1 0 0 
46 2 46 91 189 1 1 1 0 0 0 1 
137 2 54 137 295 1 2 0 1 1 0 0 
91 2 54 168 320 1 1 1 0 0 1 0 
37 2 54 196 347 3 2 1 1 1 0 1 
30 2 54 225 440 2 1 1 0 1 0 1 
32 2 57 261 398 1 1 0 0 1 1 1 
71 2 56 292 465 2 2 1 1 0 0 1 
73 2 42 306 423 1 1 1 0 1 0 1 
138 2 45 337 487 1 1 1 1 0 0 0 
116 2 50 377 495 3 1 1 1 1 0 1 
58 2 40 418 552 2 1 1 0 1 0 1 
131 2 40 427 542 1 1 0 1 1 0 1 
7 2 46 471 582 1 3 1 0 1 0 1 
18 2 57 482 705 1 3 1 0 1 0 0 
128 2 42 519 607 3 1 1 1 1 0 1 
112 2 49 552 697 1 3 1 1 1 0 0 
29 2 45 593 700 2 1 1 1 0 0 1 
126 2 57 628 774 1 2 0 1 1 0 1 
 113 1 0 0 1160 
 77 1 0 0 1160 
 20 1 0 0 1160 
 62 0 0 0 1160 
