location   type   service time   et   lt   visit times   demand   available days
18 2 50 41 215 2 1 0 1 1 0 1 
101 2 48 67 200 1 1 1 1 1 0 0 
126 2 54 102 218 1 3 0 0 0 1 1 
115 2 44 137 274 1 1 1 0 0 0 1 
20 2 44 179 285 2 1 0 1 1 0 1 
87 2 49 202 356 1 2 1 0 0 0 1 
62 2 40 213 363 3 3 1 1 1 0 1 
74 2 45 250 358 3 1 1 1 1 0 1 
125 2 50 291 482 1 1 0 0 1 1 1 
70 2 54 321 479 1 2 1 0 1 0 1 
100 2 59 346 577 1 3 0 0 1 1 1 
130 2 44 384 527 1 1 0 0 0 1 1 
21 2 41 417 512 1 3 0 0 1 0 1 
38 2 40 448 588 2 1 0 1 1 0 1 
13 2 48 457 617 1 2 0 0 1 0 1 
46 2 47 481 629 3 1 1 0 1 1 1 
65 2 43 525 688 1 1 1 0 1 0 0 
140 2 46 568 702 2 1 1 0 1 0 1 
61 2 46 598 751 1 2 1 0 1 0 0 
139 2 60 621 799 3 1 1 0 1 1 1 
 119 1 0 0 1160 
 11 1 0 0 1160 
 47 1 0 0 1160 
 7 0 0 0 1160 
