location   type   service time   et   lt   visit times   demand   available days
131 2 43 57 150 1 3 0 1 0 0 1 
101 2 48 66 168 1 1 0 1 1 0 0 
88 2 50 93 259 1 1 1 1 0 0 1 
53 2 53 133 336 2 3 1 1 1 0 1 
119 2 41 163 257 3 1 1 1 1 0 1 
123 2 47 200 384 1 1 1 1 1 0 0 
58 2 40 219 320 2 1 0 1 1 0 1 
33 2 42 255 374 1 1 1 0 1 1 1 
74 2 43 273 395 3 3 1 1 1 0 1 
134 2 57 317 501 2 1 1 0 1 0 1 
35 2 59 334 549 1 1 1 0 1 0 0 
66 2 49 360 521 3 1 1 1 1 0 1 
92 2 47 394 561 1 1 1 0 1 0 0 
49 2 42 437 579 1 1 1 0 1 0 1 
57 2 58 478 646 1 2 0 0 1 1 1 
73 2 47 484 624 1 2 1 0 0 1 0 
112 2 45 511 649 3 2 1 0 1 1 1 
52 2 46 558 734 1 2 1 0 1 0 0 
120 2 52 579 742 1 1 1 1 1 0 0 
59 2 58 612 769 2 3 1 0 1 1 1 
 114 1 0 0 1160 
 105 1 0 0 1160 
 118 1 0 0 1160 
 4 0 0 0 1160 
