location   type   service time   et   lt   visit times   demand   available days
20 2 48 34 201 1 1 1 1 1 0 0 
6 2 46 60 237 3 2 1 1 1 0 1 
68 2 54 98 245 1 3 1 0 1 0 0 
120 2 56 122 311 3 1 1 0 1 1 1 
72 2 47 166 268 2 1 0 1 1 0 1 
18 2 40 186 321 1 1 0 1 0 0 1 
98 2 40 217 328 1 1 1 0 1 1 0 
11 2 40 241 350 1 2 0 0 1 0 1 
133 2 59 293 452 2 1 1 0 1 0 1 
54 2 55 322 530 1 1 1 1 1 0 0 
12 2 49 345 477 3 1 1 1 1 0 1 
106 2 56 363 521 1 1 0 0 1 0 1 
95 2 40 394 510 1 2 1 0 0 1 1 
130 2 46 448 626 2 3 1 0 1 1 0 
22 2 52 453 583 1 1 1 0 1 1 0 
58 2 56 497 711 3 1 1 1 1 0 1 
135 2 51 524 653 1 3 1 0 1 1 1 
46 2 41 551 684 1 2 0 1 0 0 1 
117 2 51 599 768 2 1 1 0 0 1 1 
127 2 55 626 830 1 3 0 0 0 1 1 
 97 1 0 0 1160 
 1 1 0 0 1160 
 131 1 0 0 1160 
 65 0 0 0 1160 
