location   type   service time   et   lt   visit times   demand   available days
73 2 43 31 122 1 3 1 0 1 0 1 
108 2 59 72 280 3 3 1 0 1 1 1 
61 2 47 104 269 1 2 1 0 0 0 1 
62 2 54 146 285 1 1 1 0 0 1 0 
56 2 45 160 252 1 2 1 0 1 0 1 
13 2 42 206 305 2 2 1 0 1 0 1 
98 2 56 226 361 1 1 1 0 0 0 1 
140 2 41 251 392 2 1 1 1 1 0 1 
97 2 45 278 380 2 2 1 0 1 0 1 
15 2 53 305 506 3 3 1 1 1 0 1 
65 2 45 355 528 1 1 1 0 1 0 1 
117 2 45 377 531 1 3 1 0 0 1 1 
72 2 55 405 543 1 1 0 0 0 1 1 
124 2 60 436 646 1 1 0 0 1 1 0 
92 2 53 474 652 3 1 1 0 1 1 1 
120 2 47 493 677 2 1 1 1 1 0 1 
25 2 41 520 611 1 1 0 0 1 0 1 
106 2 47 560 731 1 1 1 1 0 0 0 
8 2 44 575 712 3 1 1 1 1 0 1 
34 2 50 606 724 1 1 0 0 0 1 1 
 118 1 0 0 1160 
 53 1 0 0 1160 
 88 1 0 0 1160 
 49 0 0 0 1160 
