location   type   service time   et   lt   visit times   demand   available days
31 2 55 48 236 3 1 1 1 1 0 1 
4 2 56 61 226 1 1 1 0 0 1 1 
99 2 56 113 293 2 3 0 1 1 0 1 
116 2 59 122 266 3 1 1 1 1 0 1 
30 2 55 166 379 2 1 1 0 1 1 0 
124 2 53 188 355 1 2 1 1 0 0 1 
70 2 40 219 377 1 1 1 1 1 0 0 
132 2 48 263 424 1 2 1 0 0 0 1 
56 2 58 291 469 1 1 1 0 1 1 0 
65 2 41 301 436 2 1 1 1 1 0 1 
37 2 47 349 458 1 1 1 0 1 0 1 
102 2 55 388 605 1 3 1 0 1 0 1 
133 2 55 397 593 1 2 0 0 1 0 1 
90 2 52 422 578 3 1 1 1 1 0 1 
59 2 51 461 641 1 1 0 1 1 0 0 
44 2 44 492 616 1 2 0 1 1 0 1 
69 2 46 520 672 1 3 1 0 1 0 1 
67 2 50 568 676 3 3 1 1 1 0 1 
139 2 49 598 725 1 1 0 0 1 1 0 
79 2 55 614 784 2 1 1 0 0 1 1 
 17 1 0 0 1160 
 110 1 0 0 1160 
 43 1 0 0 1160 
 96 0 0 0 1160 
